260
249
259
257
253
247
253
254
261
260
243
245
255
250
241
256
256
258
255
255
247
252
258
252
256
254
250
250
250
248
249
249
249
256
247
254
262
256
257
263
250
256
268
259
248
249
255
259
242
247
249
246
252
245
242
258
253
253
256
251
247
256
257
246
249
259
255
249
248
254
249
253
254
253
249
255
259
255
252
254
250
252
252
257
253
249
249
246
251
258
246
251
252
254
253
255
251
251
256
259
253
249
254
256
247
254
255
252
258
255
253
253
259
256
253
260
259
257
257
252
251
254
250
245
258
253
241
258
260
257
251
260
257
249
258
249
250
251
254
252
245
243
254
254
249
248
251
254
259
255
253
251
247
251
249
245
255
246
251
251
250
263
244
245
257
255
253
251
248
255
255
247
247
253
254
252
250
250
256
251
248
250
255
251
255
256
253
253
249
251
250
260
258
247
255
256
251
253
250
253
254
257
251
250
259
258
256
242
250
260
247
254
255
253
249
254
256
250
254
250
248
252
257
253
246
256
263
251
259
252
253
258
252
251
248
256
259
252
250
255
250
257
252
252
250
256
256
252
257
255
253
254
248
257
254
252
257
248
256
256
256
250
256
255
249
252
252
254
258
248
254
253
251
252
254
257
256
250
249
256
253
254
254
250
253
249
251
253
247
246
255
256
255
249
253
255
255
255
252
256
253
256
258
252
263
257
246
261
254
254
252
251
252
248
257
251
260
249
249
258
257
255
251
257
253
255
252
241
256
261
250
254
249
255
251
253
260
248
251
250
246
253
253
259
248
243
252
256
244
246
250
251
250
259
253
252
255
245
253
256
250
250
247
254
255
255
249
249
252
253
255
246
246
254
255
255
255
248
241
250
256
252
253
258
251
251
263
254
240
252
256
250
253
257
250
245
261
257
247
252
255
254
253
256
252
250
256
257
253
254
251
243
250
260
252
246
249
250
254
255
252
257
253
265
258
246
255
259
250
251
259
248
244
252
254
247
241
257
253
249
247
251
251
241
260
245
250
253
242
256
257
250
253
255
256
244
255
251
251
257
258
252
246
255
253
252
254
248
259
259
249
248
254
251
257
250
243
256
256
247
249
260
248
254
257
243
250
269
258
246
253
255
248
257
244
251
259
247
247
258
255
261
256
260
255
254
255
248
248
251
248
255
243
249
267
242
245
264
251
247
265
259
249
259
260
250
259
254
255
244
247
246
242
246
254
251
257
255
245
251
265
257
259
264
266
255
250
256
241
242
257
254
242
246
254
263
256
257
256
257
250
249
253
261
244
247
245
244
248
241
246
250
248
253
259
258
260
260
261
258
261
256
256
251
248
254
243
242
235
244
253
244
256
248
248
249
249
251
254
249
253
255
256
258
248
272
255
251
259
253
248
253
254
252
254
252
250
253
258
256
252
245
242
248
246
245
241
253
257
239
241
257
261
253
253
251
257
258
247
258
258
253
251
259
247
249
258
262
254
247
256
249
253
253
250
255
257
253
265
259
245
252
262
257
258
264
265
261
265
261
256
247
254
251
250
249
242
249
248
248
243
248
256
258
259
262
254
258
264
250
252
247
242
253
255
249
246
254
250
257
258
252
243
258
264
251
250
258
252
252
242
247
250
243
259
248
250
252
244
260
253
250
259
255
244
253
250
245
252
252
256
242
243
249
252
249
245
249
257
249
250
239
250
260
245
251
249
250
256
261
258
246
257
257
259
265
249
258
255
248
256
256
248
257
254
246
251
249
248
250
243
254
243
246
255
249
256
261
243
244
252
262
249
248
246
259
249
247
262
246
250
256
248
249
258
248
251
252
248
264
270
254
249
259
250
245
250
249
247
253
254
254
251
250
260
259
254
245
251
257
261
266
266
256
258
257
252
244
234
234
235
241
232
237
270
271
261
282
270
263
262
255
257
258
252
263
249
254
259
254
257
244
256
257
244
251
263
263
257
266
265
255
265
258
246
267
256
250
261
254
250
252
253
246
238
240
254
253
236
246
249
253
255
257
257
254
259
252
261
268
236
253
265
242
250
260
243
248
245
241
238
256
243
242
264
238
244
261
241
240
256
246
245
258
251
251
251
244
235
259
247
244
257
253
244
261
253
244
255
250
249
257
240
251
254
243
247
241
258
251
239
259
245
246
261
258
250
257
244
250
256
257
254
257
252
250
261
260
246
254
246
245
271
247
253
263
246
257
257
254
249
245
258
257
246
257
246
259
250
249
251
246
257
249
257
255
241
259
250
270
249
243
270
254
250
264
255
250
254
264
238
254
259
250
259
256
248
262
266
232
257
261
249
252
252
249
258
256
250
262
246
258
258
246
246
253
263
252
252
259
258
258
249
251
244
251
253
240
258
246
242
252
256
245
245
254
255
245
249
249
247
256
264
246
255
256
253
258
246
243
241
257
254
249
253
242
264
255
238
258
255
243
254
247
256
249
243
258
256
249
259
258
251
258
251
250
263
243
250
263
256
250
258
260
251
262
260
249
258
244
256
250
256
243
247
256
247
237
255
243
247
245
256
262
246
246
253
260
255
244
262
253
247
258
261
246
252
256
244
252
256
248
245
263
241
246
260
250
251
261
256
251
247
260
251
253
251
245
255
248
242
262
261
250
257
263
245
256
257
247
262
252
244
256
245
262
251
250
259
240
258
253
251
258
251
252
247
254
257
245
257
241
256
259
245
256
249
264
257
247
268
247
257
260
238
257
259
242
249
261
245
255
250
253
259
259
258
260
238
253
252
258
252
251
247
258
257
254
259
257
243
261
253
252
262
252
251
251
263
258
247
262
245
254
257
246
260
251
256
250
254
249
252
259
261
242
264
250
247
257
257
255
248
251
251
245
260
242
251
250
251
258
246
247
246
258
249
258
247
249
264
246
245
244
251
253
241
253
255
251
250
249
245
244
254
254
258
248
241
257
250
251
258
239
257
246
241
255
240
257
260
248
259
251
253
256
254
247
257
261
257
248
258
251
246
254
251
240
252
252
256
242
264
247
256
262
240
255
253
260
253
248
255
253
263
257
250
263
257
261
264
263
255
250
252
250
262
256
259
244
256
255
256
256
244
269
260
257
260
256
251
270
263
251
264
247
261
268
246
270
251
260
263
251
265
254
257
253
253
261
242
255
253
255
248
250
250
255
246
251
255
250
250
248
249
259
250
248
255
253
255
251
265
253
241
260
262
247
258
260
247
256
253
256
268
240
247
263
256
244
256
260
261
258
259
258
255
252
254
264
253
257
257
257
243
265
258
250
269
248
258
276
266
259
268
276
271
252
278
269
249
263
273
259
263
274
255
268
269
255
277
263
268
277
273
269
264
272
287
277
276
281
268
304
284
287
307
290
309
309
309
315
314
320
330
345
362
367
358
387
403
404
406
410
411
417
417
417
416
416
420
419
442
479
505
505
505
443
505
505
505
0
0
0
49
174
102
0
0
0
451
505
0
0
384
505
0
0
114
186
0
0
0
0
350
485
0
0
0
0
0
0
0
0
0
0
0
0
0
0
0
0
0
345
421
423
505
505
505
505
505
505
505
505
505
505
505
505
505
505
505
505
502
479
441
478
497
481
479
483
464
487
469
361
355
387
276
220
286
280
222
212
263
247
226
277
248
186
221
250
183
164
139
113
143
140
133
156
159
154
167
202
218
214
222
224
228
246
231
223
248
253
246
255
253
235
227
241
266
246
211
220
225
222
232
244
244
242
231
234
254
234
217
233
223
201
213
215
188
192
191
188
202
184
156
159
173
168
146
128
131
131
121
116
118
132
145
153
167
177
172
191
209
219
236
239
245
262
280
297
304
301
312
322
314
310
309
307
314
325
323
328
324
322
327
329
322
304
308
304
295
309
300
291
304
295
289
302
301
275
275
280
273
265
261
259
246
249
264
261
240
255
268
253
243
243
251
243
232
247
242
223
225
237
238
226
222
231
234
236
246
238
225
215
214
228
238
231
226
211
210
223
220
212
222
227
216
207
216
215
201
209
232
238
232
220
215
216
213
220
224
221
226
240
235
223
228
234
234
251
264
264
263
270
262
249
247
245
233
241
250
239
249
269
302
304
264
253
254
238
264
280
241
228
256
254
258
282
279
261
252
260
249
251
247
253
258
278
282
271
240
230
243
251
251
255
256
263
267
256
251
251
263
267
263
260
269
321
312
267
207
172
198
235
402
505
243
325
288
39
160
279
174
178
187
164
250
367
279
173
207
206
250
320
360
351
301
308
153
113
209
280
255
245
183
163
227
253
179
217
404
342
273
278
142
175
267
269
214
220
265
299
332
295
200
176
209
211
253
234
226
266
317
311
261
217
222
206
277
267
216
257
309
293
264
249
201
221
263
254
246
276
276
241
240
217
232
250
261
274
263
262
243
243
251
248
250
260
261
248
256
237
226
239
259
247
249
245
242
245
256
249
239
252
253
249
259
248
242
246
237
244
248
256
255
248
250
250
247
247
247
248
257
258
250
249
249
250
254
253
252
246
257
257
252
258
256
255
254
259
257
259
261
259
263
257
256
257
254
254
258
261
257
255
256
255
260
260
252
249
257
252
271
269
255
256
231
258
256
248
270
260
259
250
251
253
232
251
267
258
242
255
240
232
251
251
264
256
250
259
238
248
231
250
261
260
258
249
250
246
237
252
262
256
254
253
251
246
244
251
255
258
255
261
253
248
253
256
263
260
260
265
257
256
257
256
262
252
263
260
254
254
255
256
251
259
254
252
255
258
258
257
253
252
252
252
257
255
256
253
249
250
248
252
250
254
253
259
251
250
250
256
261
251
251
257
254
247
243
256
257
248
251
258
254
249
251
255
255
253
255
254
253
249
253
254
251
253
258
255
250
252
253
255
257
255
257
259
256
254
256
258
256
259
256
252
258
257
259
257
254
260
259
263
262
256
260
264
264
260
262
266
265
264
263
267
266
264
266
268
268
265
268
268
266
273
269
269
278
272
275
279
280
282
286
290
287
294
299
305
316
323
310
315
327
337
315
220
181
238
261
188
158
133
105
227
348
276
165
209
259
273
277
272
233
253
308
288
224
131
46
23
27
52
85
505
505
0
0
505
505
0
0
0
505
505
0
0
0
97
505
0
0
0
0
0
0
0
0
0
0
0
0
0
57
383
481
505
434
367
505
505
505
505
505
505
505
505
505
505
505
505
505
505
505
505
505
505
505
505
505
505
476
505
505
414
357
364
315
260
232
285
270
218
244
235
211
231
217
164
156
162
190
189
146
175
211
189
222
266
235
202
223
273
265
234
267
274
189
183
270
260
162
182
226
194
193
189
139
144
185
139
131
174
122
100
178
189
156
165
181
185
192
205
211
197
194
203
207
206
231
205
168
216
247
220
223
224
223
234
258
246
260
226
231
293
282
232
258
323
306
250
284
334
301
280
327
348
314
278
308
343
295
282
310
312
292
306
303
295
302
295
295
305
291
287
274
285
290
278
263
270
289
262
261
292
266
243
276
279
246
260
261
241
242
244
252
255
238
241
256
266
247
242
268
285
254
260
292
282
264
273
294
291
263
266
285
275
265
269
249
241
255
243
254
258
234
245
244
231
210
196
212
192
200
219
202
192
248
253
245
253
242
223
229
226
213
195
220
215
224
244
248
296
505
505
231
310
186
130
284
244
132
167
182
187
254
231
168
221
288
261
237
223
317
434
301
272
216
145
248
345
263
195
198
222
255
281
240
307
371
316
297
209
167
236
260
243
205
231
258
323
333
293
248
199
217
250
242
244
239
253
330
326
290
243
213
238
271
259
230
262
285
267
255
232
208
235
250
257
241
248
250
244
240
238
239
243
241
240
244
235
226
243
240
256
249
248
235
242
247
239
241
243
245
247
247
240
238
259
254
235
241
247
236
243
252
242
249
253
239
246
244
242
257
249
245
247
253
250
244
245
252
249
245
254
257
253
262
258
256
258
254
251
253
260
251
257
258
254
258
260
257
258
256
256
251
257
255
247
258
255
247
253
256
248
254
251
250
257
252
245
251
250
248
244
252
248
249
251
247
248
249
252
249
249
252
252
249
250
250
249
250
248
250
249
249
249
250
253
252
251
249
248
249
248
252
250
250
256
250
258
254
254
260
253
262
254
256
263
259
258
262
257
260
255
258
255
265
257
255
259
252
255
258
257
260
256
262
258
259
264
261
259
262
260
258
265
257
258
264
259
261
256
260
259
255
258
253
257
258
250
255
253
250
255
251
251
252
252
254
249
248
254
253
250
252
250
253
252
253
252
253
251
254
255
249
253
254
251
250
253
251
251
248
252
251
251
251
254
252
252
255
252
257
256
256
258
257
258
260
258
257
262
258
257
260
261
257
261
260
259
256
260
257
257
260
259
259
262
256
256
261
258
256
259
253
257
257
256
257
256
258
254
258
256
254
261
260
256
263
260
262
264
259
262
264
265
266
264
270
267
271
275
273
275
278
279
284
290
291
297
300
306
315
320
329
340
353
366
380
402
425
450
486
505
505
505
505
505
505
505
505
505
505
505
506
505
505
331
5
0
0
0
0
0
0
0
0
0
0
0
0
0
0
0
0
0
0
0
0
0
0
34
158
185
93
82
183
281
274
240
294
408
425
496
505
505
505
385
423
464
490
505
505
505
432
306
477
505
505
299
273
352
356
207
97
169
461
505
249
15
136
412
338
69
33
239
394
247
84
160
307
268
169
212
334
378
317
244
216
244
290
316
316
291
271
278
294
290
275
265
259
251
245
252
264
275
282
292
292
300
294
295
306
322
318
310
308
306
291
278
279
289
290
277
249
243
247
245
234
219
216
203
186
178
179
181
180
175
177
175
166
163
171
184
193
194
187
182
186
197
202
205
210
211
203
198
202
208
205
200
195
201
205
213
225
231
237
243
242
238
236
239
239
241
248
249
249
255
262
266
266
259
253
250
248
247
237
233
240
246
245
238
245
256
255
254
257
266
264
253
251
256
255
248
248
256
257
255
254
257
258
256
250
251
249
245
238
237
237
236
230
230
233
236
233
230
225
232
236
233
226
228
224
224
222
221
225
228
229
232
233
228
227
233
232
232
232
234
228
223
227
223
208
217
224
219
232
239
246
240
240
232
213
218
237
235
235
249
252
234
233
226
234
257
288
293
279
255
242
249
253
252
261
257
251
255
269
274
289
292
270
254
248
239
249
260
291
298
284
263
246
224
229
251
281
304
292
277
270
247
251
263
268
275
268
246
245
241
240
250
251
250
245
239
243
248
243
242
247
252
256
251
246
243
238
237
241
240
242
244
242
235
234
233
234
238
244
241
242
242
244
246
248
246
247
245
242
241
244
239
236
244
243
243
243
239
242
245
241
244
240
242
246
242
246
246
246
251
249
251
252
252
249
250
246
250
251
248
256
253
254
256
256
257
253
256
259
256
255
255
251
251
251
246
249
247
242
242
243
249
247
249
252
248
248
251
244
248
249
243
249
251
243
246
247
246
244
243
243
239
242
241
244
248
246
248
247
249
246
250
250
245
254
247
248
253
244
247
251
248
247
253
250
250
253
254
262
259
261
265
262
265
269
265
265
268
267
265
269
264
266
268
266
264
264
265
261
264
265
263
265
264
265
263
262
263
263
262
258
259
262
258
258
255
255
252
255
250
249
251
250
249
250
248
246
250
248
246
249
245
246
246
241
245
246
245
245
244
243
245
248
245
246
247
250
249
249
251
251
250
250
252
251
254
249
253
252
252
251
252
253
252
252
254
255
254
253
257
255
255
256
255
261
259
260
260
258
261
259
259
256
258
257
258
264
258
258
260
258
261
261
261
262
255
259
257
253
259
255
252
255
257
254
255
254
254
255
255
255
254
254
257
251
253
255
251
255
252
253
254
250
250
250
249
247
249
249
247
249
250
251
250
250
253
252
249
253
250
253
254
253
257
254
255
254
253
257
257
257
259
258
261
263
259
264
264
263
269
267
268
273
272
271
278
279
276
283
285
286
292
293
297
300
304
311
317
323
333
336
346
360
373
385
391
372
396
422
443
480
505
505
505
505
505
505
505
505
505
505
455
281
470
505
425
505
10
0
0
0
0
0
0
0
0
0
0
0
0
0
0
0
0
0
0
0
0
0
0
0
0
0
0
0
0
0
0
0
63
110
158
315
505
505
505
505
505
505
505
505
505
505
505
505
505
505
505
505
505
505
505
505
505
471
457
455
439
385
379
379
298
250
277
308
261
212
241
267
262
264
272
269
253
277
302
296
289
301
290
252
242
268
276
248
216
212
225
242
207
197
190
188
170
171
171
167
177
186
178
173
175
191
200
190
187
207
215
207
206
221
234
229
217
214
221
232
244
234
220
228
236
229
224
221
219
218
225
227
228
227
232
234
237
241
250
254
254
252
258
266
264
258
258
256
256
258
259
258
267
267
267
263
262
266
264
254
248
250
251
255
252
246
247
256
254
250
250
252
248
242
240
245
243
238
228
233
233
236
237
235
235
241
243
239
240
244
241
238
242
243
242
242
240
250
258
250
245
250
258
256
254
252
245
241
237
239
242
241
242
240
238
242
234
229
231
237
235
231
225
215
222
230
228
229
239
243
231
236
239
236
244
246
243
253
245
226
220
204
200
220
233
243
251
259
254
242
242
240
239
235
250
229
226
228
243
245
261
262
254
262
272
269
263
258
253
245
252
256
257
268
279
290
289
273
281
277
258
246
229
213
218
235
247
271
290
286
280
265
254
256
260
264
263
260
258
260
259
249
253
264
267
266
260
253
249
243
240
238
243
243
242
247
245
243
244
242
246
245
246
243
235
245
243
233
233
229
224
224
222
226
228
240
244
240
240
244
245
246
248
240
237
241
234
232
235
235
238
244
242
245
243
242
243
240
242
242
239
238
242
243
241
244
243
246
247
248
248
243
249
250
249
252
252
250
251
252
257
252
253
252
253
256
253
255
251
253
252
253
255
249
254
256
252
258
255
252
256
257
255
253
254
253
254
251
253
252
248
253
252
251
251
248
251
253
252
251
251
249
251
254
251
252
251
251
254
251
253
254
249
251
255
252
252
251
251
250
248
253
249
251
252
251
252
255
253
253
256
253
254
255
255
253
254
255
255
254
255
257
257
261
257
255
259
256
258
257
256
257
255
257
256
257
258
258
258
257
257
258
256
257
260
259
257
258
257
258
257
255
255
258
257
258
259
257
253
257
255
257
254
253
257
252
253
260
249
253
255
250
257
254
251
252
253
253
252
250
251
250
251
252
251
253
254
250
253
258
255
252
256
254
252
255
254
251
250
253
255
253
253
253
252
251
256
253
254
253
254
256
255
253
256
255
257
255
256
258
256
257
260
258
257
258
257
257
256
257
257
256
255
260
254
256
258
256
254
259
256
250
256
256
253
255
257
257
254
256
254
253
256
255
254
254
255
252
254
253
252
257
252
253
254
252
251
252
251
252
253
250
247
253
251
251
252
252
251
251
253
253
252
257
253
251
256
252
253
254
253
257
256
255
254
251
254
255
252
256
254
252
256
254
253
258
256
254
259
258
256
261
263
258
260
264
259
262
262
258
264
261
260
262
263
261
265
265
262
263
266
266
265
266
264
266
267
270
271
270
271
273
276
273
276
280
273
280
284
280
284
291
288
295
302
301
307
315
320
326
335
344
356
369
385
402
426
450
482
505
505
505
505
505
505
505
505
505
505
473
285
208
0
0
0
0
0
0
0
0
0
0
0
0
0
0
0
0
0
0
0
0
0
72
505
505
0
0
0
0
505
119
0
0
0
0
0
0
0
74
330
147
0
0
0
0
181
505
505
505
126
72
481
505
505
505
107
95
505
505
505
505
505
505
505
505
506
505
505
387
343
461
505
372
318
416
440
418
416
333
299
400
421
352
288
285
288
254
224
266
357
354
230
197
299
319
240
180
155
174
244
241
208
208
240
264
279
312
290
257
288
301
243
270
345
320
234
232
305
321
279
275
308
305
303
264
243
272
277
263
246
215
216
258
286
257
244
255
252
242
228
236
251
246
223
204
227
258
241
190
190
219
229
212
197
177
184
195
201
206
198
174
190
221
224
195
190
211
207
199
205
201
210
232
239
235
245
238
233
228
226
238
234
215
223
246
247
238
242
256
264
264
260
258
261
270
265
257
256
275
278
259
277
288
274
286
299
278
271
278
252
239
268
284
255
244
256
247
239
275
278
240
239
268
264
261
266
259
254
257
273
263
239
255
260
245
239
236
240
255
271
276
276
249
230
237
225
235
234
252
254
240
254
254
233
248
266
250
221
215
209
197
224
263
268
282
301
276
254
228
234
238
239
270
289
275
266
256
236
221
237
256
252
255
268
257
245
246
252
240
262
275
243
254
264
248
259
257
265
273
259
252
266
250
248
264
252
252
256
255
255
239
251
259
246
244
248
243
239
238
247
243
233
243
245
233
234
240
241
239
244
247
239
241
240
239
234
233
239
236
236
241
241
242
242
238
240
241
238
238
239
239
237
236
239
242
239
241
245
243
248
245
243
249
244
240
240
246
241
246
247
244
251
251
254
255
254
257
256
250
258
257
255
256
250
258
257
253
257
259
250
258
258
252
253
249
256
255
248
255
251
252
257
254
258
255
259
257
256
260
260
253
254
254
249
250
248
251
255
248
251
252
251
250
252
250
243
246
249
245
247
248
251
248
247
252
253
252
246
252
252
246
248
251
247
249
249
249
250
249
251
255
251
251
257
257
254
257
254
256
254
252
257
251
256
255
252
258
256
257
260
259
254
259
261
257
256
264
257
262
258
257
261
261
263
258
260
261
260
261
262
256
259
259
258
257
256
253
258
258
254
259
260
258
255
254
258
252
255
256
251
255
255
252
253
255
253
249
256
253
253
256
252
247
253
250
249
251
251
252
255
252
252
254
251
251
254
253
252
252
256
251
251
257
252
254
258
254
254
258
258
253
256
256
258
256
256
259
255
257
261
257
259
263
260
260
262
263
259
261
260
257
260
261
262
264
263
260
259
264
262
262
262
261
261
262
260
262
265
258
261
264
259
264
264
263
262
265
263
259
263
260
257
261
261
262
266
266
262
266
265
263
270
269
265
271
270
270
273
277
276
273
278
281
285
288
289
294
296
301
305
313
314
319
331
340
349
360
374
386
405
430
453
478
505
505
505
505
505
505
505
505
505
505
505
505
505
505
505
505
505
505
505
505
505
505
505
0
0
0
0
0
0
0
0
0
0
0
0
0
0
0
0
0
0
0
0
0
0
0
0
0
0
0
0
0
0
0
89
227
366
505
505
505
505
505
505
505
505
505
505
505
505
505
505
505
505
505
505
505
505
505
505
505
505
505
505
505
505
505
505
505
484
456
445
454
445
424
410
397
377
361
355
335
321
325
332
309
282
264
259
259
237
196
168
165
155
136
121
120
124
116
109
108
123
135
133
138
145
158
163
161
155
162
176
184
180
188
208
220
224
219
216
220
226
221
213
210
214
216
205
202
204
210
209
196
192
203
206
208
204
206
208
203
195
193
195
205
208
201
189
184
185
183
176
167
166
170
178
183
184
183
188
189
188
184
181
182
187
194
198
197
198
202
204
209
215
218
210
203
202
207
204
197
196
201
205
206
210
218
226
229
226
229
230
227
233
238
238
233
232
236
238
235
238
234
231
237
239
237
235
235
229
228
235
229
220
217
221
220
211
204
206
210
203
199
203
208
212
205
194
193
191
198
209
211
201
198
199
204
194
202
212
216
216
207
192
183
185
193
199
208
223
239
242
231
220
214
213
230
244
249
246
231
220
217
227
241
255
273
277
250
242
240
253
271
280
277
270
249
251
251
246
244
264
302
347
366
342
288
242
239
239
223
221
236
274
321
328
290
279
252
233
243
275
292
295
284
296
284
279
226
182
185
216
221
226
255
305
332
303
253
198
205
214
202
200
212
241
278
276
254
231
231
212
194
189
193
206
227
242
249
257
245
222
218
237
234
218
225
240
250
242
211
193
207
243
246
236
236
241
242
231
231
232
237
241
230
222
233
241
237
245
254
255
252
248
238
246
254
252
244
251
249
244
248
242
246
255
251
247
246
252
249
246
242
239
246
249
242
239
245
247
242
247
249
246
248
248
240
246
247
243
247
249
245
243
243
242
244
247
246
245
245
250
245
240
245
243
249
250
246
244
246
248
248
248
250
249
248
249
252
254
252
252
250
253
256
255
253
253
256
257
256
255
260
259
259
262
260
258
261
263
263
264
265
263
264
263
260
267
265
262
264
268
268
266
265
266
266
267
263
264
262
267
265
262
267
264
263
263
259
268
267
262
261
259
265
259
258
258
260
259
256
255
256
252
256
254
253
255
253
252
252
253
250
251
250
247
250
250
244
249
248
250
250
248
245
248
249
245
246
249
247
248
251
248
247
248
246
248
247
247
249
246
249
252
250
253
253
253
252
255
255
255
257
256
254
258
254
257
258
259
262
260
262
262
261
260
260
263
257
256
260
256
256
262
253
256
261
260
259
258
261
258
258
260
255
256
259
254
253
259
257
252
258
256
253
258
255
253
256
251
254
253
246
251
251
251
253
248
249
252
255
253
248
254
254
253
249
254
249
249
254
252
252
254
249
256
255
255
256
251
256
256
252
257
255
255
254
255
256
255
257
256
257
256
255
259
258
256
257
258
260
259
258
257
260
262
263
256
262
261
257
266
260
260
260
261
261
260
259
263
261
262
263
259
263
264
259
259
258
266
261
261
264
264
266
266
264
267
267
271
264
272
276
272
274
277
280
283
286
285
292
296
297
304
306
318
321
327
342
348
358
377
389
405
426
453
479
505
505
505
505
505
505
505
505
505
505
505
505
505
505
505
505
505
505
505
505
505
0
0
0
0
0
0
0
0
0
0
0
0
0
0
0
0
0
0
0
0
0
0
0
0
0
0
0
0
0
0
0
0
110
462
505
505
505
505
505
505
505
505
505
505
505
505
505
505
505
505
369
505
505
505
505
505
505
505
504
505
505
385
373
400
376
336
334
358
368
359
348
375
383
345
326
362
363
305
259
270
296
307
292
266
264
264
247
239
229
196
161
150
153
161
163
159
147
148
170
188
203
208
199
200
208
204
193
202
222
232
235
235
239
256
263
259
250
259
261
252
243
241
241
244
244
234
234
237
237
235
239
240
238
235
236
238
232
231
235
239
239
233
228
221
216
211
211
207
202
193
186
185
189
194
191
185
179
178
184
186
181
178
180
191
197
196
195
194
191
195
203
202
199
198
197
193
194
201
209
204
199
200
203
195
198
219
249
253
236
214
204
211
229
247
250
246
250
249
247
236
235
234
229
235
257
256
217
190
202
218
228
238
248
243
222
211
213
207
218
235
246
228
206
195
204
212
224
223
212
219
221
212
209
220
223
223
233
232
223
223
226
211
200
203
210
207
218
229
231
237
234
229
232
225
209
217
229
238
244
249
246
240
239
244
257
265
269
258
248
243
240
254
267
259
269
270
261
267
262
250
254
261
252
256
260
249
250
252
248
254
260
264
260
267
271
261
259
257
251
256
256
241
246
249
238
248
249
245
254
247
246
244
230
231
227
223
224
226
223
226
226
226
233
232
229
234
232
228
227
225
228
228
230
230
226
232
233
228
230
232
238
239
232
236
237
239
239
238
241
241
238
240
238
239
242
242
240
240
242
240
237
243
244
242
248
253
252
255
257
257
253
260
258
254
260
255
251
259
251
255
255
252
252
255
252
254
256
254
252
254
254
252
250
253
254
250
253
250
249
253
244
248
251
244
244
244
243
244
240
242
242
241
243
242
242
244
240
236
243
241
240
240
240
239
245
244
243
245
249
248
249
250
252
250
252
252
252
250
255
250
255
254
253
254
257
256
259
261
258
260
264
261
264
264
265
264
261
267
265
263
268
263
268
268
261
265
263
262
267
261
259
266
261
265
263
263
267
260
262
264
258
265
259
259
260
261
262
258
259
259
257
259
258
261
259
254
252
254
257
253
250
253
252
250
251
252
246
254
249
249
248
249
248
249
248
250
243
251
247
250
247
249
250
250
250
248
249
252
247
250
252
247
252
248
250
250
248
251
249
252
254
253
254
254
255
256
257
253
255
256
257
255
257
257
256
255
261
256
259
258
258
259
259
255
261
256
256
260
258
251
260
256
255
257
259
258
260
256
257
259
254
257
255
256
256
252
258
250
252
255
253
253
252
249
253
252
254
252
249
252
249
252
250
249
252
247
251
251
249
254
251
249
253
253
253
255
249
257
255
250
255
260
251
258
258
255
258
259
258
259
257
258
259
257
259
258
260
259
257
264
261
261
265
264
266
267
269
268
269
270
272
275
272
276
273
276
278
278
279
281
281
284
283
289
287
289
295
292
301
299
297
314
315
316
326
335
342
352
360
374
390
408
428
451
481
505
505
505
505
505
505
505
505
505
505
505
505
505
505
505
505
505
505
505
505
0
0
0
0
0
0
0
0
0
0
0
0
0
268
0
0
0
0
0
0
0
0
0
0
0
0
0
0
0
320
505
505
328
283
505
505
505
505
367
505
505
505
505
331
505
505
505
505
505
505
505
505
505
505
463
301
335
505
505
418
211
155
248
331
410
415
309
271
314
294
243
254
305
303
235
166
205
283
233
165
260
392
329
176
117
142
175
205
188
160
166
130
90
107
180
229
187
125
112
150
192
204
175
147
142
162
185
181
190
215
247
272
260
219
205
237
257
269
227
249
228
230
267
282
275
268
262
234
241
278
271
253
249
239
256
268
248
220
239
254
259
270
239
202
229
240
229
205
229
228
206
213
223
212
219
215
184
184
188
174
182
202
203
205
208
196
187
205
201
194
186
186
192
193
200
201
194
205
215
219
226
219
218
224
229
223
221
231
221
230
248
232
242
256
245
246
264
255
241
254
246
235
241
251
246
235
257
262
239
222
244
233
228
244
245
238
233
240
239
213
231
245
241
233
242
235
211
221
240
245
248
246
246
224
233
216
203
214
215
233
246
240
229
226
215
206
213
200
209
209
236
246
231
242
235
228
224
237
245
234
239
248
241
228
228
230
222
237
252
241
244
265
246
244
247
247
237
236
247
233
238
260
241
253
260
251
252
250
250
258
258
245
257
257
249
260
254
243
243
242
247
251
263
256
257
257
247
241
242
241
242
254
247
241
251
246
241
245
248
239
248
244
236
236
238
233
236
233
240
241
243
249
247
243
247
243
242
239
234
239
236
237
241
248
237
247
244
245
244
236
242
245
243
243
247
239
245
249
246
244
247
248
254
247
251
255
255
251
260
251
252
254
252
257
253
254
259
255
254
262
257
258
256
259
261
259
259
255
250
258
255
253
259
260
259
260
258
260
260
255
254
255
254
247
254
252
247
256
253
252
254
254
253
254
250
250
249
249
248
249
254
247
249
250
247
249
252
248
248
254
245
250
247
247
249
250
247
247
252
250
249
249
248
248
252
252
251
252
249
254
252
250
251
254
250
257
256
255
249
254
257
255
255
258
257
257
254
258
261
260
258
264
258
260
268
257
263
264
255
262
261
254
258
260
258
259
261
256
257
260
256
259
255
256
254
257
257
253
254
257
252
255
255
260
255
255
255
255
254
253
251
251
252
254
249
249
253
250
249
253
254
251
256
254
256
254
252
252
244
253
251
246
251
247
252
249
253
251
249
256
257
253
254
258
254
253
257
255
261
260
256
264
263
261
260
262
256
259
259
257
263
256
262
264
259
261
259
263
262
260
265
263
264
256
265
264
259
264
264
263
264
269
263
263
265
263
264
260
266
266
268
264
266
273
269
268
278
271
279
286
282
286
292
286
294
305
298
307
321
318
334
338
348
367
375
391
409
438
459
490
505
505
505
505
505
505
505
505
505
505
505
505
505
505
505
505
505
505
505
505
0
0
0
0
0
0
0
0
0
0
0
0
0
0
0
0
0
0
0
0
0
0
0
0
0
0
0
0
0
0
156
433
505
505
505
505
505
505
505
505
505
505
505
505
505
505
505
505
505
505
505
505
505
505
505
505
505
461
434
478
505
449
351
370
436
394
301
282
317
354
374
346
316
328
348
334
321
328
329
313
290
277
253
268
258
230
215
206
187
174
155
153
152
145
133
120
126
128
120
120
123
129
139
144
141
152
167
176
177
181
190
200
215
215
210
214
229
233
236
246
250
246
244
251
257
260
256
254
257
262
260
260
262
265
267
265
264
268
261
254
250
250
245
234
229
222
211
204
204
198
192
187
192
195
190
181
180
183
181
172
170
171
174
173
174
180
180
181
180
184
194
191
184
179
187
187
183
184
182
185
191
193
196
204
211
210
211
209
212
218
214
211
222
235
235
229
238
246
244
239
242
246
241
239
239
234
232
237
237
227
233
234
217
217
228
236
235
232
231
221
212
211
219
211
211
219
217
218
222
232
233
224
211
202
209
219
227
234
227
223
221
216
213
217
217
206
199
210
226
225
229
238
228
225
228
228
232
243
237
242
246
247
247
250
250
244
249
254
253
252
254
255
248
251
257
251
256
258
250
255
251
252
257
254
258
255
247
253
254
261
263
261
271
274
262
261
257
258
260
259
258
257
256
250
246
239
242
254
251
256
260
250
243
237
235
237
230
241
242
227
231
230
228
228
238
237
235
243
234
228
230
228
233
234
243
242
235
236
240
234
242
242
243
249
242
240
243
233
242
240
242
241
243
238
237
242
241
247
250
244
250
241
245
248
248
252
252
250
256
252
252
259
255
259
258
260
263
256
255
261
258
257
258
264
254
259
259
255
256
258
264
255
254
259
254
252
256
255
257
252
255
253
250
253
247
251
247
250
251
242
249
243
245
252
239
247
243
244
246
241
245
247
245
248
246
249
245
244
246
245
248
242
246
244
244
247
245
245
247
243
246
248
242
247
250
246
248
256
248
253
254
247
255
251
248
256
255
251
259
257
256
258
257
262
254
253
260
257
255
259
258
260
257
260
256
262
259
256
258
258
262
256
254
261
258
256
258
255
253
252
256
251
250
252
251
250
243
248
247
241
246
242
243
245
244
246
246
244
245
246
245
241
249
243
247
246
245
249
244
245
250
247
248
251
251
252
251
253
252
251
255
248
252
255
252
254
254
253
257
263
255
251
256
259
256
256
257
260
256
258
261
259
263
260
260
262
261
263
260
265
259
264
264
257
264
265
262
267
263
262
263
260
264
263
263
263
260
261
264
265
257
263
263
258
265
264
261
259
258
258
261
259
258
264
259
261
267
260
264
265
259
266
256
260
269
262
262
267
260
267
267
262
271
269
266
271
271
270
275
280
283
288
292
298
300
307
312
310
319
332
331
346
363
350
361
392
397
395
441
460
480
505
505
505
505
487
505
471
414
412
434
196
0
0
0
0
0
0
0
0
0
0
0
0
0
0
0
0
0
0
0
0
0
0
0
0
0
0
0
0
0
0
34
180
333
468
505
505
505
505
505
505
505
505
505
505
505
505
505
505
505
505
505
505
505
454
419
420
403
376
365
348
317
301
281
266
260
249
240
239
232
238
274
277
237
229
244
252
260
255
231
221
230
228
228
221
210
204
209
214
211
205
194
189
194
191
178
178
181
168
165
164
169
176
181
184
196
206
201
213
227
219
225
242
254
360
400
323
258
266
248
197
250
352
306
185
161
196
173
186
238
253
224
232
263
262
252
256
294
303
306
309
277
251
239
245
258
264
288
275
235
248
289
286
265
290
279
227
207
235
274
279
280
267
251
221
215
246
244
230
242
266
252
235
244
262
249
224
215
221
208
222
269
270
224
212
266
304
261
223
206
227
227
248
289
298
243
237
250
253
248
239
236
239
245
248
268
294
284
245
232
239
242
246
247
249
253
243
231
209
204
207
242
296
289
246
218
213
210
209
211
221
245
284
281
265
238
217
205
223
236
237
253
257
247
240
254
232
221
237
247
269
280
269
246
245
223
210
228
242
261
281
289
280
264
254
251
254
260
253
241
249
261
272
286
300
291
281
273
267
263
269
287
292
296
293
277
262
240
226
222
238
253
266
278
276
279
286
272
283
285
273
262
259
260
280
286
271
262
256
258
254
250
256
258
257
244
234
244
248
261
256
243
249
251
242
239
237
219
228
236
238
236
236
226
231
241
248
247
241
236
241
248
246
243
251
251
242
223
217
225
241
256
256
253
252
244
234
232
239
248
251
250
250
248
250
239
234
236
245
255
259
257
258
258
259
251
248
248
252
256
261
263
259
254
246
245
248
250
250
253
258
260
256
253
248
252
258
256
255
250
252
250
247
248
251
254
249
248
248
241
241
245
246
248
246
245
242
244
245
246
244
244
237
246
244
240
241
240
235
243
237
236
240
239
239
246
240
242
241
241
239
240
241
241
240
239
241
241
241
245
242
244
238
231
254
250
265
272
250
247
237
245
246
232
253
278
240
274
249
274
236
258
285
244
266
253
269
250
260
256
255
273
276
267
248
247
288
247
247
259
279
281
247
261
262
257
259
254
278
265
267
271
249
256
249
253
251
247
267
262
254
249
243
261
250
255
260
248
259
254
243
245
253
253
254
253
255
259
252
249
248
249
249
256
253
246
256
247
253
252
250
260
252
254
254
245
247
254
249
252
260
249
254
257
259
262
250
269
261
252
263
263
267
253
266
267
262
265
263
260
259
269
259
250
271
267
261
256
262
273
264
261
265
272
262
259
263
262
264
267
264
263
259
264
264
251
264
261
262
252
252
266
256
256
265
260
258
263
263
259
255
252
261
257
253
263
254
251
260
255
259
252
256
263
253
255
251
254
261
252
254
264
256
264
262
261
257
256
267
257
259
265
266
263
261
267
265
266
264
267
273
267
275
268
271
275
276
280
276
286
283
286
301
290
295
310
305
310
321
332
331
341
359
362
377
397
416
437
466
501
505
505
505
505
505
505
505
505
505
505
505
505
505
505
505
505
505
0
0
0
0
0
0
0
0
0
0
0
0
0
0
0
0
0
0
0
0
0
0
0
0
364
42
0
0
0
0
324
505
505
505
347
450
505
505
505
505
505
505
505
505
505
505
505
486
505
505
505
505
505
505
459
410
496
481
315
259
387
429
272
112
139
239
288
229
179
200
214
134
118
232
281
218
138
93
98
160
232
231
198
214
224
194
199
196
159
151
164
157
148
152
119
90
103
137
169
130
95
96
115
168
202
192
154
133
154
205
233
214
217
252
276
264
245
255
273
291
291
262
246
269
274
268
276
282
278
268
250
248
278
289
270
252
252
263
274
267
244
250
270
282
273
248
251
262
256
248
242
229
228
244
253
241
223
225
240
243
214
195
209
236
227
212
209
206
210
217
228
235
231
217
216
221
220
218
217
215
219
230
234
228
216
213
224
233
239
247
251
229
235
249
239
237
244
244
250
262
256
255
262
250
243
277
277
286
264
251
240
251
269
284
258
224
202
211
262
288
276
232
212
236
262
247
228
211
197
258
320
285
244
247
231
231
246
237
204
230
289
274
251
226
199
215
246
239
218
210
225
248
250
244
220
220
238
253
241
227
238
246
252
249
241
227
235
245
237
226
226
235
242
254
256
240
249
266
256
256
242
235
224
229
235
235
258
251
251
261
245
230
232
243
243
251
259
246
249
250
241
249
249
257
261
256
247
236
236
236
238
247
246
245
241
243
238
240
247
238
242
242
234
235
231
234
234
238
232
235
233
232
240
238
249
249
242
245
240
244
238
238
239
236
242
239
241
243
247
247
244
250
239
244
248
240
243
240
243
241
239
244
240
245
245
246
252
251
257
255
256
259
257
262
254
255
259
254
256
256
259
255
260
256
256
260
255
259
260
256
262
256
260
260
255
264
256
260
258
253
262
257
256
257
256
255
252
256
252
254
257
251
253
255
250
251
255
250
250
251
245
251
251
249
246
246
250
249
246
247
248
252
250
244
252
252
248
252
248
248
250
249
248
245
255
254
252
259
253
256
258
256
262
258
266
261
259
257
262
265
259
266
264
266
262
259
260
260
269
259
257
262
260
256
253
259
266
256
256
255
259
258
252
257
256
252
259
256
253
250
254
254
249
250
250
251
249
246
247
247
243
247
245
244
247
246
248
247
246
248
246
244
249
244
246
245
243
247
244
244
248
247
247
250
249
250
249
252
248
251
251
250
253
249
251
253
250
257
250
253
253
253
257
255
254
256
259
256
260
259
261
265
260
264
267
260
265
266
264
266
264
263
269
267
272
272
269
270
270
269
272
272
270
272
272
270
277
276
273
278
279
283
278
276
277
279
277
279
279
275
284
284
281
282
282
290
287
285
290
294
296
298
299
305
311
310
317
324
332
342
353
364
382
399
420
437
464
500
505
505
505
505
505
505
505
505
505
505
505
505
505
505
505
505
505
505
0
0
0
0
0
0
0
505
505
0
0
0
0
0
0
0
0
0
0
0
0
0
0
0
0
0
0
0
0
0
0
0
0
0
0
0
0
0
371
505
505
505
505
505
505
505
505
505
505
505
505
505
505
505
505
505
505
505
505
505
505
505
505
505
436
309
310
376
334
311
381
338
224
246
343
348
319
313
288
252
267
253
222
247
246
219
229
256
253
282
275
254
279
313
304
227
206
258
261
225
209
213
206
171
173
190
164
157
156
146
159
147
132
143
145
171
193
163
128
146
176
196
207
188
156
159
176
194
206
194
195
198
202
224
249
226
199
220
249
266
257
219
219
256
275
264
256
239
233
248
272
278
265
269
267
261
257
234
227
248
248
246
247
241
241
235
225
240
247
234
220
220
228
232
221
215
226
241
235
228
215
224
239
242
229
211
234
227
231
238
221
231
248
246
238
267
266
247
243
230
228
236
249
244
221
220
250
265
239
235
241
239
255
293
336
314
251
219
197
191
200
234
267
269
259
234
207
206
214
225
238
254
238
226
207
198
212
213
208
206
226
268
281
244
215
209
199
220
253
243
211
161
167
206
186
165
182
237
243
240
237
230
200
201
249
271
276
285
259
210
209
255
291
328
339
304
295
313
276
256
240
192
216
244
268
307
331
340
330
294
236
224
248
239
242
259
292
289
272
259
221
233
252
275
304
298
279
279
259
255
272
268
249
256
259
243
231
240
248
264
260
246
227
234
243
248
230
221
229
229
229
225
237
246
235
227
206
197
220
225
226
236
242
234
227
215
218
225
225
232
236
239
226
222
213
207
223
232
235
231
245
240
226
224
230
238
243
249
243
237
238
234
238
232
239
251
247
241
252
252
255
251
249
258
253
253
250
246
253
258
252
254
254
252
252
250
251
252
258
254
252
262
251
252
255
246
251
252
247
247
243
248
244
239
244
241
244
241
240
243
236
240
242
240
244
239
238
239
236
235
243
240
243
242
243
238
239
243
240
242
244
245
246
248
246
249
254
244
247
254
248
250
251
251
255
252
257
254
261
262
263
263
263
270
267
267
267
267
272
270
273
268
273
278
271
273
279
271
270
277
277
272
275
271
271
273
274
274
272
270
273
274
273
273
270
274
270
267
268
267
264
264
261
263
260
260
260
255
262
259
256
258
252
257
256
252
256
250
249
260
251
256
266
253
235
243
258
239
262
238
272
239
240
255
243
230
253
255
250
241
252
244
236
258
249
253
243
259
252
236
237
254
261
254
240
267
257
256
243
249
264
256
254
